Allowance for doubtful accounts receivable:,Balance atBeginningof Period,Charges toExpenses,Deductions,,Balance atEnd ofPeriod
"January 3, 2015","$13,295","$17,182","$(14,325)",<sup>(1)</sup>,"$16,152"
"January 2, 2016","16,152","22,067","(12,461)",<sup>(1)</sup>,"25,758"
"December 31, 2016","25,758","24,597","(21,191)",<sup>(1)</sup>,"29,164"
