,(In Thousands)
2004,"$31,739"
2005,"14,554"
2006,"18,262"
2007,"18,754"
2008,"22,606"
Years thereafter,"366,514"
Total,"472,429"
Less: Amount representing interest,"209,895"
Present value of net minimum lease payments,"$262,534"
